
0	(0.00,-7.00)		1,2,3,4,5,6
1	(6.00,-7.00)		0,3,7,10
2	(-6.00,-7.00)		0,4,8,9
3	(3.00,-5.25)		0,1,6,7
4	(-3.00,-5.25)		0,2,5,8
5	(-1.20,-4.20)		0,4,11,12
6	(1.20,-4.20)		0,3,11,13
7	(4.80,-4.20)		1,3,10,14
8	(-4.80,-4.20)		2,4,9,15
9	(-6.00,-3.50)		2,8,18
10	(6.00,-3.50)		1,7,19
11	(-0.00,-3.50)		5,6,12,13
12	(-2.00,-2.33)		5,11,15,16
13	(2.00,-2.33)		6,11,14,17
14	(3.60,-1.40)		7,13,17,19
15	(-3.60,-1.40)		8,12,16,18
16	(-3.00,0.00)		12,15,17,18,21,22
17	(3.00,0.00)		13,14,16,19,20,23
18	(-6.00,0.00)		9,15,16,21,25
19	(6.00,0.00)		10,14,17,20,26
20	(3.60,1.40)		17,19,23,29
21	(-3.60,1.40)		16,18,22,28
22	(-2.00,2.33)		16,21,24,30
23	(2.00,2.33)		17,20,24,27
24	(-0.00,3.50)		22,23,27,30
25	(-6.00,3.50)		18,28,33
26	(6.00,3.50)		19,29,35
27	(1.20,4.20)		23,24,32,34
28	(-4.80,4.20)		21,25,31,33
29	(4.80,4.20)		20,26,32,35
30	(-1.20,4.20)		22,24,31,34
31	(-3.00,5.25)		28,30,33,34
32	(3.00,5.25)		27,29,34,35
33	(-6.00,7.00)		25,28,31,34
34	(0.00,7.00)		27,30,31,32,33,35
35	(6.00,7.00)		26,29,32,34