
0	(0.00,-7.00)		5,
1	(6.00,-7.00)		7,
2	(-6.00,-7.00)		8,
3	(3.00,-5.25)		6,
4	(-3.00,-5.25)		5,
5	(-1.20,-4.20)		12,
6	(1.20,-4.20)		13,
7	(4.80,-4.20)		10,
8	(-4.80,-4.20)		9,
9	(-6.00,-3.50)		8,
10	(6.00,-3.50)		7,
11	(-0.00,-3.50)		12,
12	(-2.00,-2.33)		15,
13	(2.00,-2.33)		14,
14	(3.60,-1.40)		17,
15	(-3.60,-1.40)		16,
16	(-3.00,0.00)		15,
17	(3.00,0.00)		20,
18	(-6.00,0.00)		15,
19	(6.00,0.00)		20,
20	(3.60,1.40)		17,
21	(-3.60,1.40)		16,
22	(-2.00,2.33)		21,
23	(2.00,2.33)		20,
24	(-0.00,3.50)		22,
25	(-6.00,3.50)		28,
26	(6.00,3.50)		29,
27	(1.20,4.20)		23,
28	(-4.80,4.20)		25,
29	(4.80,4.20)		26,
30	(-1.20,4.20)		22,
31	(-3.00,5.25)		30,
32	(3.00,5.25)		27,
33	(-6.00,7.00)		28,
34	(0.00,7.00)		30,
35	(6.00,7.00)		29,